0 0 3.2464181665342293
0 1 7.061155844949675
0 2 9.11187000944582
0 3 2.2152349410080117
0 4 9.853309695371742
0 5 7.685987096478453
0 6 5.556895566831235
0 7 7.5539487426524135
0 8 0.517257110534618
0 9 7.061089470177548
1 1 7.521484956611573
1 2 9.109783634432102
1 3 2.7390824807822742
1 4 5.340729995329631
1 5 0.7074099633706576
1 6 6.384965899041434
1 7 0.4581271228184902
1 8 2.563462636102308
1 9 1.6391691640664086
2 2 7.3690820075308725
2 3 7.816446536763344
2 4 4.605598031162895
2 5 3.038582564723743
2 6 6.203999404372587
2 7 5.546647780700696
2 8 1.1456029680688917
2 9 8.320371886817902
3 3 8.284061370259042
3 4 2.365270216501776
3 5 3.394855987162775
3 6 3.4353554073289896
3 7 6.743275933357989
3 8 2.7086790148143205
3 9 4.633400270556659
4 4 4.024205534029544
4 5 1.5956764290015224
4 6 5.1660312094120435
4 7 8.435028205127953
4 8 4.643551592724602
4 9 1.6719773187921816
5 5 3.043939501363325
5 6 7.874240967164502
5 7 4.687532495784337
5 8 9.935108604839057
5 9 9.6400474134398
6 6 3.978326275457431
6 7 2.551738638309292
6 8 4.7591611753876295
6 9 6.007802190837622
7 7 3.2210043415078706
7 8 5.57280583680079
7 9 3.3207308308136274
8 8 8.262289897252204
8 9 1.949790810905484
9 9 8.32575113742418
