0 0 9.509580735771374
0 1 3.852764665862831
0 2 9.29811466555278
0 3 5.744816237972058
0 4 9.94457735921369
0 5 6.1783089472232735
0 6 3.1109173339181484
0 7 0.286722626923136
0 8 6.834399335955229
0 9 9.38072514864963
0 10 6.60761269342658
0 11 8.606686511986837
0 12 5.842892135258255
0 13 9.996754182356995
1 1 8.290501087786602
1 2 3.2377850175587075
1 3 9.643667991234702
1 4 5.338696637416744
1 5 6.868532819804142
1 6 8.120284433173135
1 7 2.846780918476459
1 8 9.957392589158017
1 9 6.97298245611777
1 10 7.745898754246349
1 11 3.323421373636318
1 12 2.8279433601032844
1 13 0.9807666970665097
2 2 3.176066816414135
2 3 2.7878220234299245
2 4 5.0045738650573215
2 5 1.0985443510448223
2 6 3.04490237056109
2 7 1.5365831569557575
2 8 6.797675981476118
2 9 8.058002793795268
2 10 3.370367698882645
2 11 7.099141369283112
2 12 8.14521294560551
2 13 2.7824969851432693
3 3 6.022605914183822
3 4 4.219116306786369
3 5 5.782304022249503
3 6 5.207475685549435
3 7 2.0362619688188675
3 8 4.064797023228667
3 9 6.056954336927934
3 10 0.07189587283491394
3 11 2.604011234935748
3 12 3.858031019937751
3 13 2.7965269750678425
4 4 2.9450900584892494
4 5 7.551405499648104
4 6 4.214304656414805
4 7 5.49870453618127
4 8 1.0133152233305054
4 9 8.368537857298007
4 10 0.4028180036215445
4 11 4.302322350147925
4 12 2.222484778604321
4 13 0.4619149116782617
5 5 5.463866182454444
5 6 4.687593995184035
5 7 3.2583405318730883
5 8 7.19032257017187
5 9 7.661865583314497
5 10 6.661898755396316
5 11 1.5425967541152419
5 12 6.461351610986091
5 13 2.1058671641042483
6 6 0.3064329508670749
6 7 8.933346001436277
6 8 9.190652410225855
6 9 6.535425870984356
6 10 1.9906706791763729
6 11 5.140289422265486
6 12 7.7638685338662725
6 13 4.248201458397136
7 7 3.30572324826874
7 8 7.000113672599479
7 9 1.7915929876031977
7 10 2.9366894511641304
7 11 7.824321366906982
7 12 5.704605811590139
7 13 7.910586556132262
8 8 6.804988760322244
8 9 9.164288617075645
8 10 7.833861905411098
8 11 0.15987637519023434
8 12 0.7525355301937919
8 13 7.514015451556514
9 9 7.619211085384052
9 10 7.548259517183632
9 11 9.640244632923011
9 12 0.7725829197305167
9 13 7.245242549653285
10 10 5.8301101376901086
10 11 2.695514249400166
10 12 0.7638225883134753
10 13 9.19758638010113
11 11 1.2192931044953093
11 12 2.9660692054479765
11 13 4.602746506206029
12 12 9.672870647523187
12 13 4.79636985905719
13 13 4.3986299701792175
