0 0 0.6389307990391968
0 1 5.300558652703694
0 2 7.513652503208091
0 3 4.203610273360598
0 4 3.220126372847977
0 5 1.4044883481001325
0 6 6.039791757231444
0 7 3.026488564603077
0 8 6.304580000396794
0 9 2.008124955686632
0 10 5.514197182138917
1 1 4.548377211742798
1 2 6.026783030758317
1 3 1.7895753716128915
1 4 3.7405069524086834
1 5 4.5279664565389375
1 6 9.231634106130825
1 7 1.612066508857286
1 8 1.5345819176396502
1 9 1.4311667058939215
1 10 6.8621634015898625
2 2 6.184628388839817
2 3 2.821540916883636
2 4 4.411984445081018
2 5 7.366608242032189
2 6 3.29066647134138
2 7 3.1550139895448783
2 8 6.489977228959796
2 9 8.99354999629644
2 10 9.705576991620784
3 3 4.536105582720843
3 4 6.468297189194132
3 5 5.752032262002222
3 6 4.285887040441585
3 7 2.3490323573341207
3 8 1.7789068511047956
3 9 4.284278328416875
3 10 3.1362339743284764
4 4 9.732337237774026
4 5 7.1466269414316965
4 6 7.931830961134857
4 7 5.2468172572694
4 8 5.769046858009804
4 9 0.7312614835882336
4 10 9.871640452818646
5 5 9.542798456261066
5 6 6.506083910388379
5 7 0.2371156369993288
5 8 9.356829416841578
5 9 5.898435962207232
5 10 2.0027036722822835
6 6 6.371805201066949
6 7 3.817567796612804
6 8 3.342584159714405
6 9 8.359675947909835
6 10 9.99133007737899
7 7 4.860691274048669
7 8 8.41850649394549
7 9 0.9953871195788766
7 10 2.285970362769226
8 8 8.052404097128369
8 9 5.459781856512792
8 10 4.311988378028554
9 9 4.4416291561001024
9 10 4.776604980306608
10 10 8.40541275954658
