0 0 7.719351745383688
0 1 3.055945797579599
0 2 0.43399242746514743
0 3 4.698814551202607
0 4 4.556086844163819
0 5 3.2087842790563537
0 6 5.599548232252479
0 7 6.091240479170316
0 8 7.137630848952306
0 9 2.0274443272557896
0 10 4.082291133820741
0 11 2.929764683393431
0 12 8.531434182364233
0 13 5.348125649749612
0 14 0.03981971440703114
1 1 1.871533400366584
1 2 1.216688081137478
1 3 4.168039585822783
1 4 3.19088952964527
1 5 3.866162303858991
1 6 7.00351365414182
1 7 6.157284271341078
1 8 9.83594790013047
1 9 0.7547418677589013
1 10 5.261485112757817
1 11 1.5503813259516597
1 12 5.680808344316049
1 13 7.238651060097993
1 14 1.6819159269003325
2 2 1.513486318667585
2 3 6.325588331219842
2 4 0.7721936763582238
2 5 4.026849094745221
2 6 6.077419863301098
2 7 0.665795602396414
2 8 2.333462671971347
2 9 8.358707928999179
2 10 3.033307184153964
2 11 9.649717059455625
2 12 1.740730903415879
2 13 9.098082651401839
2 14 8.806759288683395
3 3 7.846028215141276
3 4 2.2070581582191497
3 5 8.92313843111365
3 6 7.258166566610394
3 7 8.097808509256044
3 8 0.16368858404186226
3 9 0.002653014336905235
3 10 2.600811813599643
3 11 0.17390841175180527
3 12 8.033213159694109
3 13 6.345700992931842
3 14 8.185161637563358
4 4 2.7758903768281042
4 5 9.596352327571573
4 6 8.154521337817378
4 7 3.766822117644276
4 8 4.5185165447141244
4 9 9.871612921616412
4 10 2.983120922484118
4 11 0.05729771000945294
4 12 3.574036895259277
4 13 4.014956655816393
4 14 5.232677594855991
5 5 0.8508227059165951
5 6 7.555284970053686
5 7 2.647017766036458
5 8 5.05582831329386
5 9 9.827182875280036
5 10 4.909862726316366
5 11 4.228284242458661
5 12 0.09544082817192212
5 13 1.2495814708414665
5 14 6.607453568264762
6 6 8.628063946258157
6 7 8.649477771675084
6 8 1.2082450643304488
6 9 2.224579776970954
6 10 9.870931783534145
6 11 0.8320900808418985
6 12 8.804605670286499
6 13 7.665869297066709
6 14 0.1947585537408869
7 7 5.092078314976024
7 8 4.72753762661277
7 9 2.7081821071444026
7 10 2.0173017096871027
7 11 1.0533858552827635
7 12 8.04226388890688
7 13 5.313694290554164
7 14 9.183735529901165
8 8 6.0582984489367355
8 9 0.6941935964794155
8 10 6.2303165328260075
8 11 3.9553862897048884
8 12 2.0225448176800898
8 13 3.2240877359135967
8 14 1.7825821391780206
9 9 1.60033063376825
9 10 1.2525023798734647
9 11 4.497591983561669
9 12 4.953406549748891
9 13 0.15940177139527334
9 14 4.72823348246254
10 10 2.8713186459923365
10 11 4.866888578757859
10 12 8.986543237478621
10 13 4.022089149886209
10 14 6.149297821692407
11 11 2.6045877033178866
11 12 6.000339332830857
11 13 8.501138453035965
11 14 2.9277583328191126
12 12 6.922474211305937
12 13 0.2339401928603102
12 14 2.7526878940873134
13 13 8.482841175462255
13 14 6.883021359421722
14 14 3.2334922036572733
