0 0 9.949913536877498
0 1 5.689885195472116
0 2 5.514278547549916
0 3 3.643636835255246
0 4 0.20942656645755897
0 5 4.621195202360403
0 6 5.88649730673144
0 7 0.8785429832953973
0 8 7.229454956331298
0 9 4.705224681034861
0 10 8.559904993429008
0 11 9.95846937723994
0 12 5.6909258028389935
0 13 1.412529066368552
0 14 5.019927368285399
0 15 3.301343919270435
0 16 7.522234685549288
0 17 0.479340630516083
0 18 9.761324366366237
0 19 6.151488952032206
1 1 6.657872257432138
1 2 9.022245802324973
1 3 5.278698681143275
1 4 5.657539357440365
1 5 6.07027710832692
1 6 4.799578158775382
1 7 8.052915639503574
1 8 4.057314282630772
1 9 9.82546216404085
1 10 3.833454259260196
1 11 5.6521494272961235
1 12 2.340793821882172
1 13 9.289920523152281
1 14 1.1864600657130253
1 15 0.9744713017414419
1 16 6.123682334342282
1 17 0.5557630590371176
1 18 8.329569302151024
1 19 2.1296008513779654
2 2 9.887874568125858
2 3 9.652998167642714
2 4 3.2429621707133824
2 5 5.4906412052881945
2 6 9.231456891063583
2 7 3.1823158407086094
2 8 6.158978340016024
2 9 5.0423245270090185
2 10 3.319717506480717
2 11 4.628689302907022
2 12 4.686528100196654
2 13 3.310499343331111
2 14 1.3399558949257895
2 15 0.8055635812010098
2 16 6.9488566750126886
2 17 7.878286866400529
2 18 7.4367177222476135
2 19 8.631351591816557
3 3 0.32163616390275096
3 4 2.7775462912416016
3 5 8.340407288510786
3 6 9.754414171339867
3 7 6.375939707426577
3 8 5.889984668341621
3 9 6.7010544996659105
3 10 9.419646489456353
3 11 9.710729651679564
3 12 1.9004553136086844
3 13 1.00034820249852
3 14 6.409257624937813
3 15 9.502065582125308
3 16 5.315684940895134
3 17 9.838867350207652
3 18 2.8922720834893303
3 19 7.801325198056239
4 4 9.5948828426347
4 5 4.381779239612494
4 6 6.581742664180283
4 7 7.882299962152257
4 8 6.53437899412674
4 9 7.795091536457333
4 10 2.7256144321524056
4 11 9.267109279775
4 12 4.706646636321502
4 13 4.615884301879227
4 14 0.14663065598078062
4 15 3.4534585266895634
4 16 6.97476634887428
4 17 6.173766537451786
4 18 3.798630720030478
4 19 5.820836524986647
5 5 4.886591204394021
5 6 0.41713315099296877
5 7 6.121035767729746
5 8 4.710835079269176
5 9 2.0985782333642202
5 10 5.796633322793349
5 11 0.850276098891003
5 12 8.256843252044563
5 13 9.887449398324893
5 14 9.219573796040162
5 15 5.886366357590035
5 16 3.1809527261067405
5 17 5.278555543129899
5 18 7.512827697428916
5 19 6.3147862671264
6 6 7.480986861864292
6 7 6.353013271401925
6 8 0.3181307807878231
6 9 4.748278628431435
6 10 0.6981442968034823
6 11 9.891391408567502
6 12 9.892486105948686
6 13 3.7801305608134452
6 14 1.2858244272776964
6 15 3.669927501044632
6 16 9.897721456679365
6 17 4.529955101865642
6 18 0.49278296906378083
6 19 9.445953320090236
7 7 0.9370740640236608
7 8 6.0149451512453105
7 9 6.128843711052029
7 10 2.9524178087593764
7 11 5.333001321853007
7 12 2.3940222942353717
7 13 7.598966810981997
7 14 4.067094731699219
7 15 7.439252339236983
7 16 9.00926089842796
7 17 5.671558093357727
7 18 3.7302650622361435
7 19 8.641551927936636
8 8 3.588415904188096
8 9 6.589476339901086
8 10 4.155371465460595
8 11 8.125089782329475
8 12 5.974337169030125
8 13 0.3372782678262243
8 14 5.410340251691267
8 15 1.4733231054864881
8 16 8.311511395460979
8 17 7.1458143993320125
8 18 4.542972614189981
8 19 9.211438750678335
9 9 7.746915199703071
9 10 4.6453730065454995
9 11 3.082010503418542
9 12 6.519144276422243
9 13 5.391828657036511
9 14 0.4711405238965638
9 15 4.966180892304697
9 16 3.5112843347093223
9 17 8.543201792718754
9 18 1.5798316296172121
9 19 9.736731695182051
10 10 2.721113847611064
10 11 7.977623781418019
10 12 2.053914830729605
10 13 5.1746725046739295
10 14 6.719877294091148
10 15 8.507898638476107
10 16 5.749941895233455
10 17 9.472134483651853
10 18 4.167681677470595
10 19 8.931681933096803
11 11 8.790062489716297
11 12 5.497971706944727
11 13 7.014469737521964
11 14 7.003586785225345
11 15 9.600892444124105
11 16 8.750924151393285
11 17 5.056237111516333
11 18 6.126622783338144
11 19 0.9714688191113319
12 12 6.189370499702962
12 13 6.600457417986426
12 14 3.0857802839613546
12 15 9.432116867094054
12 16 5.28489877393101
12 17 5.606012288811159
12 18 0.336030620712755
12 19 2.148622838944031
13 13 1.3676264692787932
13 14 6.336749092903556
13 15 2.108961434562456
13 16 0.4811877099374706
13 17 6.614405145823099
13 18 6.304118356143068
13 19 0.9167226251577254
14 14 2.375217317099616
14 15 5.876751378224176
14 16 7.073170918863143
14 17 9.9089100965037
14 18 2.8310762178496263
14 19 2.953538977923044
15 15 0.36752183319726517
15 16 6.977467489499311
15 17 2.8425194896959893
15 18 5.884204188824159
15 19 3.8327186562729465
16 16 8.506639713738398
16 17 2.398586804175713
16 18 1.371406644096601
16 19 6.803776306857088
17 17 4.229465864564852
17 18 2.4113248864889023
17 19 6.537798663977943
18 18 1.471471837596331
18 19 9.779250505420293
19 19 3.761783610239137
