0 0 1.715064926471187
0 1 0.2861248350641399
0 2 6.728869739483105
0 3 0.7023171557608143
0 4 0.061295447169995576
0 5 2.579122344753891
0 6 1.9302575078786355
0 7 1.9472303886058062
0 8 0.9767887790694729
0 9 9.460954794835535
0 10 3.788851160325404
0 11 7.663278680244092
0 12 8.652128372037154
0 13 9.097410883312588
0 14 8.684513684052353
0 15 2.8973929825363323
0 16 0.08415737165594739
0 17 4.957079503160133
1 1 0.1736188965205787
1 2 5.655322175229378
1 3 1.1708753137785088
1 4 5.587097957801158
1 5 3.2339386326075656
1 6 6.403490148713877
1 7 1.0381571368088038
1 8 2.192025350377016
1 9 3.8386731614374447
1 10 9.733263739607478
1 11 9.185998518723562
1 12 0.25638268224261185
1 13 4.897525203964083
1 14 4.198675241687604
1 15 4.895515873619192
1 16 6.070535838096908
1 17 9.612487363071573
2 2 2.3640398265011378
2 3 6.003933800575552
2 4 8.951245823226285
2 5 1.1182752383516348
2 6 9.435795343574696
2 7 4.63332013219918
2 8 5.1923456794134895
2 9 2.9121096240690223
2 10 5.503285126745756
2 11 0.7498345758850533
2 12 0.33764808991342155
2 13 8.024807884334258
2 14 3.3760909447451337
2 15 0.5337765933694771
2 16 2.237322269997779
2 17 6.144920838815558
3 3 1.2809197900852942
3 4 5.456738659527247
3 5 8.530629702978645
3 6 6.979907489338061
3 7 7.268934683979518
3 8 9.690674349188605
3 9 8.692036581294532
3 10 5.023112478306869
3 11 0.08480785835100368
3 12 8.014720183394852
3 13 2.584371300675987
3 14 5.59257257789084
3 15 9.461674840790128
3 16 3.7391162031090497
3 17 4.581830481675676
4 4 4.517446943733407
4 5 7.331547928073845
4 6 6.331589336794849
4 7 4.7572792577032095
4 8 4.170128215592972
4 9 0.2786424553141831
4 10 1.4100790991717382
4 11 6.37243501168332
4 12 6.676862114873462
4 13 2.713463355722104
4 14 1.5567023662667934
4 15 1.9661567416517534
4 16 1.0869633490338126
4 17 9.708385160766287
5 5 5.011364273937962
5 6 8.705211611106371
5 7 5.040484011815166
5 8 8.210848329149282
5 9 0.7194452038631016
5 10 7.343526488442519
5 11 3.0464584744110956
5 12 5.438193532898987
5 13 2.436503573563612
5 14 8.130070898529086
5 15 2.8686079495023376
5 16 3.6585360008566523
5 17 1.633951596987181
6 6 1.3121643118548099
6 7 8.712662468352747
6 8 1.274978049569403
6 9 8.80318051805807
6 10 9.50013526414854
6 11 4.919213072200337
6 12 1.1558508926142785
6 13 5.421618885312363
6 14 4.09090537974094
6 15 6.688284306227619
6 16 8.49156060221573
6 17 4.322732629638443
7 7 8.192207550597363
7 8 4.996571168917503
7 9 2.1090081162603633
7 10 4.502985203603961
7 11 4.045791287236339
7 12 1.3155599170548882
7 13 5.137446028416365
7 14 7.502293234692434
7 15 3.8171084317842174
7 16 3.9985119001635083
7 17 3.1950191615311208
8 8 6.410528946287412
8 9 8.800612285459657
8 10 2.2765572925954123
8 11 0.853131423353537
8 12 5.281138138673476
8 13 3.583942901843219
8 14 5.688909881934354
8 15 0.03617163861845629
8 16 6.2739531549977325
8 17 8.520914707669467
9 9 6.469483601507662
9 10 7.227018773860035
9 11 4.202800524342015
9 12 5.982360942896393
9 13 9.921951063439593
9 14 9.874141310697318
9 15 3.3295182726564674
9 16 3.2855305590752537
9 17 3.1375552654831464
10 10 6.233992919701816
10 11 9.224510904508875
10 12 7.946874199330657
10 13 5.544747197222754
10 14 7.032800302347109
10 15 9.304985701793944
10 16 8.959695959508046
10 17 5.726993183622049
11 11 1.7947259899325696
11 12 9.265533898850686
11 13 1.1672896294741042
11 14 7.704853826533786
11 15 7.45878451297483
11 16 9.031732406913338
11 17 8.483816969770295
12 12 6.450708159783286
12 13 1.9947738207458776
12 14 1.0959550151688013
12 15 5.709325315134349
12 16 6.789261259156783
12 17 1.1288831525888476
13 13 6.135604288526604
13 14 7.991948820318083
13 15 2.0342358134432867
13 16 2.0025224479230044
13 17 5.667485553877204
14 14 1.609467686250159
14 15 8.721416709266588
14 16 3.6133103742929054
14 17 9.15806238467688
15 15 9.674049680798502
15 16 1.6204852092338595
15 17 0.22505204294712255
16 16 3.487846788212053
16 17 1.6081360116714183
17 17 8.842839104396322
