0 0 0.8120183743695408
0 1 2.6297257632084223
0 2 5.526616947307913
0 3 4.788189280837912
0 4 1.9019202260757573
0 5 5.956158781294143
0 6 9.087547144766283
0 7 9.478804347206195
0 8 6.437144561006165
0 9 6.317273640811899
0 10 1.721981712090671
0 11 2.9291605515710173
1 1 1.0796392389882536
1 2 6.614476888086135
1 3 5.460311304429663
1 4 5.4386758987342985
1 5 0.8561660329215148
1 6 3.4429518650540167
1 7 0.05731579887419347
1 8 2.7071773287244314
1 9 2.627877430806338
1 10 5.389720416375125
1 11 4.200241782555997
2 2 7.234505325175219
2 3 1.914167214493382
2 4 0.4688286785033302
2 5 7.155044281678399
2 6 7.431616381251246
2 7 0.8543011992155214
2 8 5.743280233384404
2 9 8.092311672911833
2 10 3.0836229977790297
2 11 4.084478352098314
3 3 1.5681022254829513
3 4 0.7347773628947318
3 5 2.846229530291833
3 6 3.614611708649008
3 7 0.08619893667617173
3 8 1.6812196394466783
3 9 9.310537365254824
3 10 3.408259183174458
3 11 2.618410272204581
4 4 1.7869334792952074
4 5 9.837207273015208
4 6 9.300774436012324
4 7 3.4114588710609173
4 8 1.3188549929744342
4 9 6.839483634274627
4 10 0.13489009958675746
4 11 7.8422367317422665
5 5 1.2538098854588298
5 6 9.485602034910928
5 7 1.5495855552825233
5 8 1.6241460178502887
5 9 5.051239277851388
5 10 9.894612659330802
5 11 4.727230286063119
6 6 3.8209745910298807
6 7 7.507161955583679
6 8 0.8156747175951429
6 9 8.585638460173163
6 10 0.5460533210715823
6 11 9.884007639902222
7 7 8.509384994235685
7 8 5.395807120094692
7 9 8.109208003562983
7 10 3.4113542700452006
7 11 4.090726309296344
8 8 6.612751824158151
8 9 4.071282582166523
8 10 6.465494625202977
8 11 8.94673136951483
9 9 7.825998474737234
9 10 2.1757773918199943
9 11 4.26114256700063
10 10 5.007977256508934
10 11 9.167921677481813
11 11 2.4494124366001593
