0 0 1.425449137986462
0 1 9.924380751357303
0 2 5.4740706955490195
0 3 2.5983485818927377
0 4 0.19152432348303106
0 5 2.7416090914309885
0 6 0.8551283898381801
0 7 9.423627419253714
0 8 3.051069661545891
0 9 4.327367712642946
0 10 4.741342684265003
0 11 4.659001662067551
0 12 4.3674176662772695
0 13 1.11616834298357
0 14 4.681363655698203
0 15 1.7244676242852408
1 1 5.105408352894944
1 2 1.1337965898541025
1 3 9.261728145006096
1 4 0.7726050225254499
1 5 8.543894433857378
1 6 7.200474602900728
1 7 8.9092655473801
1 8 6.470199909434092
1 9 2.6784355333536336
1 10 9.483588036128609
1 11 3.2855735760105476
1 12 3.655588589181895
1 13 1.4153136024506574
1 14 6.925431455978789
1 15 0.6022453662923566
2 2 1.7887719536443736
2 3 8.503710447733669
2 4 5.870250057384006
2 5 3.062467997174277
2 6 6.191435353651845
2 7 6.561087410226399
2 8 2.0761868321485686
2 9 3.074079532564581
2 10 5.216579787277199
2 11 8.517511947920834
2 12 9.221569474254013
2 13 6.881114874803803
2 14 7.692555201733338
2 15 0.337880074905087
3 3 3.0013035669101074
3 4 5.825327028991465
3 5 4.253859543013851
3 6 1.976683418550984
3 7 4.957962777165141
3 8 0.5761251982704341
3 9 9.501147666473788
3 10 8.178177739497103
3 11 4.303495551647511
3 12 0.35682297591371204
3 13 9.325473848450555
3 14 1.9555068947401077
3 15 9.161301012520827
4 4 7.447040111328467
4 5 9.186865198361607
4 6 1.3655447637694518
4 7 0.8947442794293659
4 8 7.05556122877352
4 9 4.654906557716431
4 10 4.54191763379154
4 11 6.487022183120454
4 12 4.03489928671687
4 13 5.099092307728884
4 14 8.856874661757745
4 15 4.298608244967296
5 5 0.8482746059983215
5 6 5.059278662629453
5 7 7.553372824242038
5 8 7.952339914822017
5 9 5.701663521312995
5 10 5.531651352343835
5 11 1.2219534106252061
5 12 1.5825365025651916
5 13 5.8180306308393295
5 14 9.173196174995562
5 15 2.092683682513016
6 6 7.233364927313827
6 7 8.457809454091343
6 8 9.257745780424635
6 9 6.270641866563993
6 10 1.8030002563420322
6 11 1.4791496811850846
6 12 2.1092440871644493
6 13 2.764129612417716
6 14 6.6039505196956085
6 15 5.983401829417873
7 7 6.692957935046826
7 8 8.43799553458123
7 9 7.346253861066645
7 10 5.905763058447519
7 11 3.0629377239877953
7 12 4.870159877994453
7 13 6.149071828706028
7 14 3.2879630705780305
7 15 3.444108132356589
8 8 6.497629396440559
8 9 0.04753888436986764
8 10 3.4093198811974856
8 11 5.869946710880609
8 12 9.409000198318024
8 13 2.385556403290543
8 14 0.9544477467373758
8 15 0.5017929391259413
9 9 6.673643137875126
9 10 4.47154164009701
9 11 6.960357855955661
9 12 3.023398028254014
9 13 9.193475004671656
9 14 4.922975033782729
9 15 6.412636110297506
10 10 7.8344118207537425
10 11 0.7214182791389412
10 12 3.2369195571996014
10 13 8.049847650379665
10 14 6.159078964955594
10 15 1.9113576278309619
11 11 2.2975046424458956
11 12 1.1872586836887289
11 13 0.6414944973131331
11 14 1.0476006873673938
11 15 1.7677071664583743
12 12 9.185427187851987
12 13 8.516344727352125
12 14 8.44756161453387
12 15 0.6115798477462075
13 13 5.566166147067989
13 14 0.024144362731165492
13 15 7.439578261180289
14 14 2.3544137166751677
14 15 6.717832981006358
15 15 7.382548461952734
