0 0 9.755742344608523
0 1 4.151625049407809
0 2 0.9922121917298221
0 3 6.191938806974004
0 4 6.755955602181679
0 5 3.066299623697483
0 6 3.411638784447495
0 7 3.537350373653938
0 8 1.7071290528973682
0 9 3.4352505553941235
0 10 7.253452106184925
0 11 3.4776843919914056
0 12 7.543138119519574
0 13 6.578961510900689
0 14 9.593614000580585
0 15 0.5943288072378838
0 16 9.609618374946411
0 17 6.452447460802615
0 18 4.296728608941684
0 19 6.180880929969748
0 20 4.238297950217121
0 21 4.615826034875921
0 22 7.9630257899826
0 23 1.328899152612416
0 24 1.653805692769269
0 25 1.2525291966650687
0 26 2.8355364487836123
0 27 8.924609344392383
0 28 6.566531945709552
0 29 9.516952260150223
1 1 2.662636799098592
1 2 1.7065231820737559
1 3 1.1039443595869702
1 4 1.870296283291869
1 5 7.091221465015948
1 6 4.4421398852125265
1 7 5.0940976831455025
1 8 0.0028063731903615885
1 9 3.808332903566085
1 10 5.752598488749365
1 11 8.138889736114018
1 12 4.442567459179491
1 13 5.354169963527086
1 14 9.147353065754828
1 15 6.400961922641768
1 16 6.015465748447571
1 17 9.29695502822914
1 18 3.4266503114241753
1 19 4.576954494271258
1 20 8.947883854732401
1 21 6.29023803490266
1 22 9.767782416807972
1 23 0.14116585815260096
1 24 4.593147536479547
1 25 0.4257778929126266
1 26 6.531804109057894
1 27 2.617488336176833
1 28 5.514691633329836
1 29 0.25023136405355695
2 2 3.110593281437141
2 3 5.373820924477714
2 4 1.9733755599569014
2 5 6.831446997102506
2 6 0.979847762730659
2 7 1.2319920352639058
2 8 6.743319586380206
2 9 7.3402513334784745
2 10 3.5318072919381303
2 11 6.04754597995384
2 12 9.620097105440038
2 13 8.756183554803084
2 14 6.232196492332335
2 15 6.337582598160941
2 16 9.9870634378871
2 17 6.510715510930686
2 18 5.1790863799329125
2 19 8.021161489999123
2 20 4.370061683100146
2 21 7.14907606879183
2 22 5.2370748046565465
2 23 3.3856168464800085
2 24 6.03768924735027
2 25 2.421869739219958
2 26 8.578390356870969
2 27 2.503448625328798
2 28 5.393776844043129
2 29 4.610264604758227
3 3 0.6832266975696111
3 4 3.498291632759213
3 5 3.1606669959733824
3 6 9.343599397378638
3 7 3.634817520093667
3 8 3.2947897195752676
3 9 3.1663494766256894
3 10 2.6858345919020845
3 11 5.890465382177395
3 12 6.786026723106021
3 13 7.9254495017166775
3 14 3.847358317521551
3 15 3.617942396231797
3 16 7.713500756845855
3 17 8.143529087032702
3 18 3.521229563239067
3 19 1.1573781435028363
3 20 8.978449529363045
3 21 6.77610737563732
3 22 0.5480203189255273
3 23 7.20196447293608
3 24 3.589668832178494
3 25 9.338262752103784
3 26 6.380999140648223
3 27 8.88649529191715
3 28 0.0017889899417833366
3 29 4.787632408340779
4 4 7.65347400432656
4 5 8.13097733684501
4 6 7.209306522027297
4 7 5.493075492963384
4 8 2.0426910073570093
4 9 3.3072387513316692
4 10 5.635493833338145
4 11 0.5532233027356259
4 12 1.5797663015010655
4 13 4.579673633411762
4 14 9.59163722532537
4 15 4.04358851415712
4 16 0.5727007142070029
4 17 3.1169608010152574
4 18 5.880886621294592
4 19 8.647864130258377
4 20 2.389612191379591
4 21 2.779795937046756
4 22 0.9823211025768341
4 23 5.56848779024998
4 24 0.4918929052731702
4 25 7.860386058352643
4 26 6.174667539024016
4 27 3.6135108423710607
4 28 4.312079905555521
4 29 1.9826481276337937
5 5 5.9454381322170065
5 6 3.9212543270020275
5 7 9.838804903453482
5 8 1.367769976123444
5 9 0.08007687076859615
5 10 1.911194947899445
5 11 8.101266575745576
5 12 0.32797892649824023
5 13 3.9370363470707948
5 14 4.738971633815271
5 15 2.1382466141307455
5 16 8.072084929960456
5 17 4.58853377889325
5 18 0.7853605075784498
5 19 4.491773841582033
5 20 3.689548835123899
5 21 2.7430616956424245
5 22 7.523518232794474
5 23 2.7831068679595816
5 24 0.5255475420960187
5 25 1.6645599522578824
5 26 5.485743183843665
5 27 0.508800410950232
5 28 2.0676954824583635
5 29 4.664479304700116
6 6 8.990463199807134
6 7 3.837182023525582
6 8 8.935798689584058
6 9 2.1668014952371086
6 10 8.792106975694873
6 11 2.890658471548112
6 12 0.5992076555279668
6 13 7.83239998018561
6 14 7.880971445298327
6 15 7.766836578400534
6 16 6.0420505136588645
6 17 0.7779633600787206
6 18 9.28714968635044
6 19 5.381531618433554
6 20 4.754821752603437
6 21 7.536023585557302
6 22 3.9320372517863103
6 23 3.1093092996607616
6 24 3.1515106118195146
6 25 3.076465298127027
6 26 7.322889698780482
6 27 9.152283505916301
6 28 1.7946530943057581
6 29 4.9462139541607755
7 7 6.2003529993119635
7 8 7.58547812416535
7 9 5.656397654795188
7 10 8.382636836351962
7 11 0.12584667145954187
7 12 8.107130045682814
7 13 3.051873671224942
7 14 3.117513025927731
7 15 8.435128988064776
7 16 6.6648944339348795
7 17 8.851860025590582
7 18 4.512257199972086
7 19 9.986328356897685
7 20 3.333990543492736
7 21 4.114949732016716
7 22 2.6514135588629295
7 23 1.6951770264055133
7 24 8.09090167056096
7 25 7.375110903202858
7 26 3.0702602953155687
7 27 1.9771378689243047
7 28 3.4563257534579606
7 29 2.4787514611020955
8 8 1.9036966900098051
8 9 6.905567062491529
8 10 5.3736473293652836
8 11 4.086090270622162
8 12 6.417410152166618
8 13 0.14700950346416497
8 14 0.14427921081840878
8 15 4.734847628394152
8 16 9.118650194581479
8 17 2.5491736255442055
8 18 5.758806053953286
8 19 6.709969281363981
8 20 9.942764332038266
8 21 3.6340919836341765
8 22 0.5429321319055369
8 23 7.871296491601521
8 24 6.372978858848464
8 25 5.188420535400602
8 26 0.6798205622011644
8 27 3.061807389639548
8 28 5.774735097461501
8 29 6.644785222243657
9 9 0.8754851874696168
9 10 1.752246802108428
9 11 7.712220654801404
9 12 3.01254012484816
9 13 9.201476559699413
9 14 8.17367521972092
9 15 6.563562644982028
9 16 8.743248056916265
9 17 7.979179747741783
9 18 2.347661163556225
9 19 6.362479014593044
9 20 5.105656401960033
9 21 7.462623214569014
9 22 9.144554995217328
9 23 0.46801042047204033
9 24 4.396885658619566
9 25 8.031770787819841
9 26 7.783472688399814
9 27 8.400285414318432
9 28 1.6310066832963332
9 29 9.625852294935397
10 10 6.033333962510978
10 11 0.9790980860469822
10 12 3.2231332492565445
10 13 4.226363679219741
10 14 1.782491001360047
10 15 2.7634054708639755
10 16 2.6266123917875763
10 17 8.341945829342759
10 18 9.615198233226335
10 19 7.713682678735366
10 20 4.882843264483109
10 21 7.652428471792087
10 22 1.5663648842609834
10 23 9.985397918506948
10 24 5.607713773683036
10 25 5.23690889316677
10 26 9.321745087684315
10 27 6.8107003264419195
10 28 5.065594162027819
10 29 8.140802923270055
11 11 9.788919324806617
11 12 4.536742276699308
11 13 4.671279153874476
11 14 4.4293970087791905
11 15 7.185121685756048
11 16 2.0628821160902024
11 17 1.5122288312417542
11 18 4.330496763061039
11 19 2.5711767224775803
11 20 8.155346736385779
11 21 6.297901770344435
11 22 4.586351260749547
11 23 6.106505917387631
11 24 0.4167562559675375
11 25 1.5199386434863782
11 26 4.715111800309655
11 27 8.208373979132146
11 28 4.049246637366215
11 29 9.54639741475275
12 12 7.524654860668373
12 13 3.269239946913766
12 14 7.973748115501637
12 15 4.87520191865118
12 16 3.926687308106346
12 17 3.619290517404219
12 18 4.354310502976054
12 19 0.836413759242115
12 20 3.866620910115847
12 21 2.0169289796820333
12 22 5.125192594171761
12 23 8.659893070926364
12 24 1.0147853683750907
12 25 8.10819768788401
12 26 5.729760651833596
12 27 6.014366012086661
12 28 8.757128449121618
12 29 8.01682005193665
13 13 1.9540689871734485
13 14 2.875872028686249
13 15 8.978627471959552
13 16 6.509742596517254
13 17 0.4743255764453347
13 18 4.898010005781801
13 19 3.150213930936464
13 20 8.028769870710558
13 21 7.53627197997584
13 22 8.33336862698671
13 23 7.31009579184247
13 24 6.287079718935129
13 25 3.04583431216774
13 26 5.994964007438028
13 27 8.672933943862823
13 28 2.1001170262153646
13 29 9.274233037209918
14 14 0.7484728341310076
14 15 1.8054116906163808
14 16 5.653561172482374
14 17 4.36706514343932
14 18 1.590495943012371
14 19 6.574312504946792
14 20 2.5067694661230955
14 21 0.8957003791028584
14 22 7.495043499150629
14 23 8.40330197441398
14 24 2.2883001302428285
14 25 8.80066237255425
14 26 5.8998830784092675
14 27 3.767181221192204
14 28 5.260821138618993
14 29 0.2504939715652099
15 15 5.956349387381867
15 16 0.30746850915428725
15 17 4.715917875300875
15 18 1.175932082281087
15 19 1.4806616685483964
15 20 1.4707295919070762
15 21 2.505008321090303
15 22 0.538047373930568
15 23 4.921754520432521
15 24 0.15117133878390532
15 25 0.9207880109625222
15 26 3.7503317351849406
15 27 1.6000750330415692
15 28 4.461574716418564
15 29 6.614319466824429
16 16 1.0985459414145127
16 17 2.9737576389117515
16 18 1.461738164654679
16 19 1.2660909328778458
16 20 5.488463274357914
16 21 8.753034961872993
16 22 1.441164178993788
16 23 9.325071992307867
16 24 6.40047941027437
16 25 0.3107035411645087
16 26 6.182814423536409
16 27 5.287989918120096
16 28 8.541383748852313
16 29 2.025909156555965
17 17 9.527325473022024
17 18 1.711766335726428
17 19 4.3574141159056285
17 20 2.95047484978487
17 21 7.512163619656247
17 22 4.435241415622606
17 23 9.309047226340809
17 24 8.501445214317744
17 25 8.377770893418228
17 26 3.33203078376393
17 27 7.606805330548171
17 28 0.7604757751678137
17 29 9.81283237178086
18 18 5.324552904685542
18 19 3.968686875397381
18 20 6.400144978372748
18 21 1.9533764002039888
18 22 1.3599707500611546
18 23 3.8836554923787823
18 24 3.2592257410995162
18 25 9.855493332505855
18 26 0.582000533424597
18 27 0.8519538856496833
18 28 0.15340207151582352
18 29 8.429040625511082
19 19 3.0282319046129516
19 20 4.121833969785715
19 21 9.634869300745075
19 22 6.149775597891183
19 23 6.840818488263368
19 24 4.553622629737327
19 25 0.10371427542734346
19 26 1.2599405153069276
19 27 7.19909344516843
19 28 9.41587270076947
19 29 1.9259183453886075
20 20 5.62239792527537
20 21 1.9658720828240916
20 22 9.154676574658314
20 23 2.0272842434741456
20 24 6.910995217010986
20 25 3.384901878487648
20 26 0.47604448507462815
20 27 2.8095390692549027
20 28 9.399915942029224
20 29 6.07513001909136
21 21 0.44258501699038444
21 22 4.1743187937877515
21 23 7.257349861423989
21 24 9.038156610630741
21 25 5.7095423668162715
21 26 1.9426935087856834
21 27 1.9538968004367219
21 28 3.428444307430627
21 29 9.511587012214646
22 22 2.0223430271187004
22 23 7.163693010807425
22 24 8.431564047126361
22 25 6.560569641920604
22 26 7.301452068507379
22 27 0.3663314928882422
22 28 4.753952776795454
22 29 2.6257904119599065
23 23 3.4378381006381167
23 24 0.2502191980177626
23 25 8.94836710635287
23 26 1.2421525951498102
23 27 0.46378633032281513
23 28 2.973100741265452
23 29 2.082416908536262
24 24 4.727902602912481
24 25 9.441516592505371
24 26 8.353048763910873
24 27 3.103267964566218
24 28 0.4924906419314179
24 29 7.281155652637285
25 25 9.143303408104297
25 26 0.6598055293020111
25 27 6.476402425831791
25 28 8.272550323343237
25 29 2.6869202177172813
26 26 7.11425205349504
26 27 1.488654713163432
26 28 7.884201251993978
26 29 4.45226356693283
27 27 5.008438810081061
27 28 7.193966515655294
27 29 2.9470571933645973
28 28 7.217963378795979
28 29 9.345629862338221
29 29 8.550445950512357
